[gd_scene load_steps=6 format=3 uid="uid://cmkexumlctotr"]

[ext_resource type="Script" uid="uid://cufc5snki2oh2" path="res://world/world.gd" id="1_6xmxd"]
[ext_resource type="Script" uid="uid://bqu8wqj3go0fy" path="res://addons/simple_free_look_camera/camera.gd" id="2_tcf2h"]
[ext_resource type="Texture2D" uid="uid://b87bewhjjtpaj" path="res://carcinous_scope_incomprehensible.png" id="3_4717r"]
[ext_resource type="Script" uid="uid://7idfxdiph6y0" path="res://util/fps_timer.gd" id="4_h5o24"]
[ext_resource type="Script" uid="uid://uqi1qc0cl1sc" path="res://util/debug_binds.gd" id="5_mmdvd"]

[node name="World" type="Node3D" node_paths=PackedStringArray("chunk_load_center")]
script = ExtResource("1_6xmxd")
chunk_load_center = NodePath("Camera3D")
metadata/_custom_type_script = "uid://cufc5snki2oh2"

[node name="DirectionalLight3D" type="DirectionalLight3D" parent="."]
transform = Transform3D(-0.8660254, -0.43301278, 0.25, 0, 0.49999997, 0.86602545, -0.50000006, 0.75, -0.43301266, 0, 0, 0)
directional_shadow_mode = 0
sky_mode = 1

[node name="Camera3D" type="Camera3D" parent="."]
transform = Transform3D(1, 0, 0, 0, 0.9660026, 0.25853243, 0, -0.25853243, 0.9660026, 0, 2.327845, 5.176222)
script = ExtResource("2_tcf2h")

[node name="OmniLight3D2" type="OmniLight3D" parent="Camera3D"]
transform = Transform3D(1, 0, 0, 0, 0.9660026, -0.25853243, 0, 0.25853243, 0.9660026, 0, 0, 0)
light_energy = 2.225
omni_range = 40.23
omni_attenuation = 0.417

[node name="Sprite3D" type="Sprite3D" parent="."]
transform = Transform3D(0.9685267, 0, 0.24890965, 0, 1, 0, -0.24890965, 0, 0.9685267, -6.387204, 0.86441326, 1.9429252)
texture = ExtResource("3_4717r")

[node name="OmniLight3D" type="OmniLight3D" parent="."]
transform = Transform3D(1, 0, 0, 0, 1, 0, 0, 0, 1, -15.286795, 40.85865, 94.589584)
light_energy = 5.359
omni_range = 127.589
omni_attenuation = 0.417

[node name="FpsTimer" type="Timer" parent="."]
script = ExtResource("4_h5o24")
metadata/_custom_type_script = "uid://7idfxdiph6y0"

[node name="Debug_Binds" type="Node" parent="."]
script = ExtResource("5_mmdvd")
metadata/_custom_type_script = "uid://uqi1qc0cl1sc"
