[gd_scene load_steps=4 format=3 uid="uid://cmkexumlctotr"]

[ext_resource type="Script" uid="uid://cufc5snki2oh2" path="res://world/world.gd" id="1_6xmxd"]
[ext_resource type="Script" uid="uid://bqu8wqj3go0fy" path="res://addons/simple_free_look_camera/camera.gd" id="2_tcf2h"]
[ext_resource type="Texture2D" uid="uid://b87bewhjjtpaj" path="res://carcinous_scope_incomprehensible.png" id="3_4717r"]

[node name="World" type="Node3D"]
script = ExtResource("1_6xmxd")
metadata/_custom_type_script = "uid://cufc5snki2oh2"

[node name="Camera3D" type="Camera3D" parent="."]
transform = Transform3D(1, 0, 0, 0, 0.9660026, 0.25853243, 0, -0.25853243, 0.9660026, 0, 2.327845, 5.176222)
script = ExtResource("2_tcf2h")

[node name="OmniLight3D2" type="OmniLight3D" parent="Camera3D"]
transform = Transform3D(1, 0, 0, 0, 0.9660026, -0.25853243, 0, 0.25853243, 0.9660026, 0, 0, 0)
light_energy = 2.225
omni_range = 40.23
omni_attenuation = 0.417

[node name="Sprite3D" type="Sprite3D" parent="."]
transform = Transform3D(0.9685267, 0, 0.24890965, 0, 1, 0, -0.24890965, 0, 0.9685267, -6.387204, 0.86441326, 1.9429252)
texture = ExtResource("3_4717r")

[node name="OmniLight3D" type="OmniLight3D" parent="."]
transform = Transform3D(1, 0, 0, 0, 1, 0, 0, 0, 1, -15.286795, 40.85865, 94.589584)
light_energy = 5.359
omni_range = 127.589
omni_attenuation = 0.417
